15000
31000
5800
13697
39000
50000
42000
20000
39000
14500
26000
22500
26000
23000
16000
16500
22787
15000
10700
42000
19500
19800
20000
4000
31000
19700
32000
5400
42000
19200
30000
20000
26500
21000
29500
27646
45000
22100
25000
15000
30000
24830
22950
13867
24950
22500
30000
18000
7500
28000
18700
17500
21500
4000
51000
12961
27000
29000
18000
9500
25000
25000
26000
16000
37000
20000
16200
24000
45000
82279
13000
34500
25000
12500
13500
25000
15500
37970
6000
16000
6700
16500
30009
20000
13000
20500
14000
11300
33000
29900
13150
14700
19800
34000
18433
14000
14442
24150
14000
13000
19800
18000
11000
20000
27622
26500
26500
27000
38000
18000
38000
37500
32240
11000
24000
52000
18100
37000
52000
43900
24000
24000
23000
22240
0
35000
25000
264000
30000
14800
19000
33000
25000
25500
23000
20000
13600
8100
15000
52500
24000
19000
32000
6600
16800
12300
21500
14000
12000
27000
6800
11800
11000
14000
17000
11500
18000
5000
60000
17500
20000
40000
9000
5600
7500
25000
25000
11000
18000
13000
12000
11500
29000
26500
17300
21000
25000
21500
19400
16000
11000
29900
11500
23000
36400
12500
16000
15000
24500
7400
20000
30600
16000
10080
26000
28000
23200
22000
11500
21000
30000
12000
16000
10000
15000
6000
15000
25086
25700
16400
11500
18500
21500
14100
30000
14000
17000
17000
12800
9000
90000
16500
25000
10350
9000
26000
16000
15600
24000
13500
8600
16000
22000
9000
11000
10000
37000
24000
20000
12000
7000
20500
16000
25000
26000
18800
15000
18000
13200
18700
13500
12000
30000
33040
10600
19000
24000
8000
11700
19000
9000
11500
26000
16000
7500
14500
42000
7500
13700
21000
22200
21000
11500
16500
15000
10600
10200
9200
32100
16000
32914
13300
16400
18000
13500
13500
20000
14300
6000
38720
11000
7000
13500
14000
14000
15500
37920
17400
9100
16000
6000
25000
22500
14775
17500
26000
13000
10000
15000
14000
13000
8000
8000
7400
24500
10600
34350
10600
15200
22000
30000
22000
14000
15800
39500
13000
18000
14500
18000
12500
16000
10000
22000
11000
12000
18000
10000
18000
17000
11000
12400
20600
11700
11600
19000
25000
17000
24000
6300
21600
9000
15000
33000
11500
11000
14000
11000
14300
15300
4000
15000
22000
12000
12500
12800
16000
16000
21000
10500
15900
10000
14500
10500
6050
9500
11000
8500
7050
13000
15000
10800
16000
17200
10400
10400
3200
11500
6500
18300
7000
5600
6500
17500
7000
18500
9000
7500
12000
14500
8000
7000
10500
10500
12000
32630
8500
8000
8000
11000
19500
19500
9400
11700
6500
8300
12000
340000
5200
15500
15500
17500
17500
17000
12500
8000
12800
8460
10000
15000
7800
18650
8500
9300
10500
11000
6235
26000
8200
6655
8900
8000
16400
9200
19500
16300
12000
6780
6870
12000
15000
11450
17000
14200
8000
20000
5900
6050
12000
5600
8300
5000
13500
9200
16000
14000
6092
5000
6500
12000
11000
10000
22000
6900
17000
7200
13000
12000
9900
12500
7500
6000
11500
13500
11400
4000
28000
7500
12900
11500
6500
4500
9000
5400
9000
5400
6000
10500
9500
4400
5200
9500
9300
4200
5500
6000
7000
15000
5000
5000
5000
11500
12000
6000
18000
11200
5500
5500
27400
9500
7700
11600
15000
9500
2800
3500
11500
11400
12000
5750
11000
5400
10300
8600
8500
5350
6500
8500
18000
11700
9000
17500
6000
7000
8000
7400
10000
11500
7100
6500
8000
9500
6460
5700
10000
10600
17000
12400
11500
7000
11880
7300
7500
6500
12520
7000
6000
9950
12250
7500
5800
4500
12000
6500
8300
5500
4801
11800
5800
5600
8000
26000
4800
6200
6900
5200
6200
10500
16000
14000
9000
7500
5200
9200
9500
9500
5800
3500
14040
69000
4800
8000
5700
1900
8000
7300
5700
7000
11000
13000
5000
4700
10000
7400
6000
8740
5000
7700
10000
8500
12000
9238
5200
11000
8300
8300
8000
8600
7700
18000
